3.60083 4.1141 -4.67211
-3.30782 -2.70696 2.9329
3.36042 5.35959 -1.71344
-5.47403 2.07453 -2.21051
3.54122 -4.52004 1.95628
-2.7329 3.49567 -5.31758
-1.9283 3.03239 -1.96267
3.6146 0.303997 4.10715
2.66896 2.67524 1.74291
-0.115224 -3.92712 -1.86184
0.62538 2.39647 2.10142
2.16468 -0.427941 3.82072
-1.86217 3.5515 -1.9529
-3.59975 -1.73905 0.103591
1.4664 -3.54229 0.765216
-2.2082 -0.979441 -0.179371
-1.63623 -1.63177 3.00372
4.4083 4.22332 2.04619
1.22397 1.99027 2.3191
1.77469 -1.77484 5.33544
-2.2643 3.51527 -1.49068
-1.66861 -1.34936 5.50655
-4.39752 -4.84667 -2.38406
-0.115224 2.6925 2.25939
2.89637 3.67143 0.604123
2.68395 1.18516 -1.15173
-0.897971 -7.08968 -1.08896
-2.0502 -3.69958 -3.69717
-3.24412 -0.862098 1.28063
1.10692 2.53658 5.98888
2.92348 -0.136439 5.6618
-1.44361 -3.13124 2.59198
-1.31038 0.303997 -1.54585
2.07812 -2.88547 1.53002
-1.67775 3.75615 2.19581
1.50671 2.18732 -4.7247
2.75239 2.4695 2.15841
-1.96227 -4.53165 3.21087
-1.64276 -1.17036 3.92251
4.32762 5.6759 -4.30988
-2.19715 -2.09894 2.82265
0.907542 -2.57014 -2.89907
2.65493 -2.7786 2.32918
3.57555 -2.25575 3.54622
-2.7473 2.73901 -1.76136
-5.30721 -2.63512 -2.70268
-5.06816 -2.09186 -1.96937
-3.03798 1.70903 -2.68344
3.21753 -1.9263 -2.30613
3.04584 -4.28743 -2.89992
2.91489 -0.392271 0.994463
-2.84604 -2.0979 -2.89022
-1.8042 0.303997 -2.98936
-1.66093 -0.0800374 -3.33087
-0.115224 3.38282 3.37376
-1.39255 0.303997 3.57117
-0.115224 -0.938673 -2.33176
-2.48452 -0.97368 -2.02281
-0.996147 2.12341 2.45792
3.39667 3.03244 -2.07515
-4.02463 -3.11723 0.103591
5.95729 4.96156 2.93998
0.234155 -1.37424 3.12059
1.03517 -2.00031 0.103591
2.8857 -2.08603 -1.50806
2.69045 3.22846 0.103591
4.6872 -2.92965 -1.08656
-1.78838 2.68985 -2.41106
-2.07401 0.303997 1.7516
-4.47102 -3.67563 -1.44832
1.8111 -1.29963 1.79188
-3.31161 -1.28314 1.01874
-3.79675 -2.99898 0.890758
-2.51576 0.303997 -1.93823
-2.74908 -1.42505 3.42363
-2.79118 -2.11102 1.34706
-1.28819 -0.403287 -1.80614
5.51571 3.34798 -2.33532
-0.115224 -1.32527 2.83376
1.82202 0.303997 -2.79409
-1.85335 4.96411 -0.93508
3.03516 0.61233 4.07058
-0.115224 -2.49858 2.64263
-2.48965 -0.982274 -2.70439
2.36175 0.303997 -3.31193
1.74676 4.89495 -5.67753
1.96146 2.39527 -2.27927
-4.75578 -0.550215 1.6913
-3.26768 -1.12396 2.96532
3.23429 4.71117 3.63315
2.00057 -3.19442 -2.14713
2.00923 -1.87995 -1.92459
0.947924 -2.13462 -4.23913
5.75991 -2.51599 -2.40702
0.602035 2.49781 0.755368
2.94389 -1.71493 -4.35535
-1.44248 3.95524 1.56679
2.86122 -2.24506 -3.19169
-0.115224 0.860929 -5.07616
-4.84845 5.00364 0.872667
-2.98128 -2.21065 -1.42987
-5.15906 4.10045 -1.20097
-5.94866 2.70171 0.858661
-0.115224 -5.57292 -3.47697
3.04473 0.303997 -0.82599
2.82461 4.91098 -3.80565
-3.13639 3.46645 2.68058
2.56681 4.02385 -0.63765
-1.99846 0.0761039 1.33718
1.51924 2.89823 2.67586
2.0724 -1.97405 2.27784
2.53693 -0.621135 3.04176
1.2051 1.74453 2.05115
-5.65817 -1.88031 1.11408
3.94787 2.89687 3.77739
-1.04086 -1.56767 -2.91866
5.38482 -5.0222 2.75248
3.57561 -3.94452 4.27252
1.91086 -0.0275316 -4.0958
-2.58027 -2.67284 -1.1462
-1.53207 3.70694 6.61002
2.03893 -2.87893 0.742015
-0.115224 -0.564681 -5.34894
-1.40281 -3.73572 -1.48141
-2.37473 2.64638 -4.98838
